1
2
3
4
5
6
7
8
9
10
11
12
13
14
15
16
17
18
19
20
21
22
23
24
25
26
27
28
29
30
31
32
33
34
261
263
407
987
1381
1908
1988
2377
2548
2749
3019
3049
3463
4073
4166
5261
5655
5818
5935
6110
6203
6332
6512
6550
6670
6685
6728
6811
6844
6855
6897
6953
7009
7010
7026
7044
7139
7148
7150
7184
7189
7190
7193
7196
7279
7308
7408
7417
7431
7439
7541
7543
7586
7602
7618
7640
7642
7807
7937
7938
7952
7954
7967
8031
8041
8062
8073
8077
8093
8102
8115
8133
8137
8181
8183
8185
8186
8208
8212
8229
8264
8296
8310
8311
8366
8387
8396
8407
8408
8411
8431
8433
8436
8438
8439
8464
8482
8483
8485
8523
8524
8535
8542
8556
8582
8648
8664
8682
8683
8690
8693
8695
8707
8715
8716
8728
8732
8741
8747
